Frequency,Error,Mass
0.0007312254524641923,2.3169765091365653e-05,4508.371666666667
0.0007260863177581831,2.3088201672209406e-05,4518.615
0.0007114030757408285,2.2853559386878967e-05,4528.858333333334
0.0006908465369164708,2.252095346382543e-05,4539.1016666666665
0.0007047956168329563,2.2747180720617878e-05,4549.345
0.0006673533496887648,2.2134713398383446e-05,4559.588333333333
0.0006702899980922357,2.2183361178819987e-05,4569.831666666667
0.0006989223200260151,2.265220251573003e-05,4580.075
0.0007003906442277503,2.2675984362191353e-05,4590.318333333334
0.0006746949706974421,2.225613347219324e-05,4600.5616666666665
0.0006893782127147967,2.2497007733009513e-05,4610.805
0.0006519359455704846,2.187753787406654e-05,4621.048333333333
0.0006592775665791613,2.2000377345280252e-05,4631.291666666667
0.0006489992971670716,2.182820852634989e-05,4641.535
0.0006130253542245529,2.1214617176433824e-05,4651.778333333334
0.0006387210277548667,2.165467089578845e-05,4662.0216666666665
0.0006188986510314398,2.1316001826455278e-05,4672.265
0.0006401893519566589,2.16795470336815e-05,4682.508333333333
0.0006431260003601297,2.1729213873194086e-05,4692.751666666667
0.0006093545437201603,2.1151004987727856e-05,4702.995
0.0006247719478383811,2.141690654105416e-05,4713.238333333334
0.0006431260003601297,2.1729213873194086e-05,4723.481666666667
0.0006078862195184788,2.112550647937672e-05,4733.725
0.0005785197354837183,2.0608912256501287e-05,4743.968333333333
0.0006144936784262338,2.1240008708174816e-05,4754.211666666667
0.0005932029775011243,2.0868807924823554e-05,4764.455
0.0005682414660716215,2.042501771189593e-05,4774.698333333334
0.0006027470848123512,2.103601830379824e-05,4784.941666666667
0.0005946713017028069,2.089461969464578e-05,4795.185
0.0005249259021204256,1.9631115686597765e-05,4805.428333333333
0.0005484190893481929,2.006560516884053e-05,4815.671666666667
0.0005425457925412029,1.9957869597454438e-05,4825.915
0.0005234575779186901,1.9603640353768073e-05,4836.158333333333
0.000509508498002158,1.9340678098330085e-05,4846.401666666667
0.000521255091616087,1.956235500007176e-05,4856.645
0.0005542923861550855,2.017276537102942e-05,4866.888333333333
0.000510242660103071,1.935460728853922e-05,4877.131666666666
0.0005065718495986873,1.928486072912696e-05,4887.375
0.0005344700094317061,1.980877646335434e-05,4897.618333333334
0.0004874836349761282,1.8918033977998638e-05,4907.861666666667
0.0005080401738004679,1.9312789578994642e-05,4918.105
0.0005043693632960845,1.924289145037127e-05,4928.348333333333
0.0005256600642212933,1.9644838942860674e-05,4938.591666666667
0.0004933569317830695,1.9031656825287564e-05,4948.835
0.00046178796144580097,1.8412691816528204e-05,4959.078333333333
0.0004669270961518336,1.851486370089982e-05,4969.321666666667
0.00048528114867356825,1.887524907442706e-05,4979.5650000000005
0.0004669270961518336,1.851486370089982e-05,4989.808333333333
0.00045371217833625597,1.82509804130241e-05,5000.051666666666
0.00048821779707699587,1.8932274126027793e-05,5010.295
0.0004529780162353882,1.823620826943581e-05,5020.538333333334
0.0004544463404370833,1.8265740609866876e-05,5030.781666666667
0.00042507985640241456,1.76657159609488e-05,5041.025
0.0004148015869902295,1.7450833921277648e-05,5051.268333333333
0.0004236115322006791,1.763517883187523e-05,5061.511666666667
0.00042654818060411213,1.7696200394254753e-05,5071.755
0.00041039661438505996,1.7357927313072602e-05,5081.998333333333
0.0004544463404370833,1.8265740609866876e-05,5092.241666666667
0.00041480158699026636,1.7450833921277648e-05,5102.485000000001
0.0004331556395119211,1.7832735468984455e-05,5112.7283333333335
0.0003920425618633668,1.696534087034947e-05,5122.971666666666
0.0003935108860650673,1.699708147970854e-05,5133.215
0.0003773593198460122,1.6644606064432427e-05,5143.458333333334
0.00037442267144250805,1.6579714565659412e-05,5153.701666666667
0.00036781521253473174,1.6432771804098802e-05,5163.945
0.0003861692650563907,1.6837780106782078e-05,5174.1883333333335
0.00041039661438505996,1.7357927313072602e-05,5184.431666666667
0.00038910591345986135,1.6901680830194024e-05,5194.675
8.07578310954501e-06,2.4349402238772005e-06,5204.918333333333
5.946713017028069e-05,6.6074589078092595e-06,5799.031666666667
0.00014536409597179725,1.0330576464524752e-05,5809.275000000001
0.0001468324201735456,1.0382620000274192e-05,5819.518333333333
0.0001534398790813552,1.0613658369443022e-05,5829.761666666667
0.0001505032306778709,1.0511601591662709e-05,5840.005
0.00015270571698047388,1.0588236396723366e-05,5850.248333333334
0.00014756658227441335,1.0408544185448998e-05,5860.491666666667
0.0001409591233666038,1.0172848477554845e-05,5870.735000000001
0.00012994669185357633,9.767391478385255e-06,5880.9783333333335
0.00013508582655964997,9.958659258378418e-06,5891.221666666667
0.00011085847723102694,9.021534932755109e-06,5901.465
0.00013141501605532332,9.822419471430337e-06,5911.708333333334
0.00013728831286225295,1.0039515735110812e-05,5921.951666666667
0.00012407339504664605,9.544107311280042e-06,5932.195
0.00012701004345011698,9.656394789497321e-06,5942.4383333333335
0.00010204853202060514,8.655643514997316e-06,5952.681666666666
0.00011306096353362008,9.110712075023123e-06,5962.925
0.00010571934252495284,8.809945210412347e-06,5973.168333333333
0.00011673177403796876,9.25743185044991e-06,5983.411666666667
0.00010204853202060514,8.655643514997316e-06,5993.655
0.00011526344983622306,9.199024757278541e-06,6003.8983333333335
9.397274891106919e-05,8.306096000219355e-06,6014.141666666666
0.00011012431513015922,8.991612678077845e-06,6024.385
0.0001027826941214728,8.686723124922629e-06,6034.628333333333
9.544107311279618e-05,8.37073585448501e-06,6044.871666666667
9.984604571801102e-05,8.561727786356191e-06,6055.115
8.442864159978873e-05,7.873011424499768e-06,6065.358333333334
0.00011379512563448775,9.140244444451286e-06,6075.6016666666665
9.103610050759019e-05,8.175283163503149e-06,6085.845
9.1770262608466e-05,8.208181820221122e-06,6096.088333333333
0.00011379512563449784,9.140244444451286e-06,6106.331666666667
8.51628037006489e-05,7.907167816649292e-06,6116.575
8.663112790238422e-05,7.975041746684167e-06,6126.818333333334
7.5618696389376e-05,7.450931552906538e-06,6137.0616666666665
8.075783109545008e-05,7.699957073812264e-06,6147.305
9.177026260845786e-05,8.208181820221122e-06,6157.548333333333
6.754291327982499e-05,7.041835493125573e-06,6167.791666666667
8.883361420499509e-05,8.07578310954465e-06,6178.035
7.85553447928469e-05,7.594231822080501e-06,6188.278333333334
7.488453428850161e-05,7.414673763271568e-06,6198.5216666666665
9.47069110119285e-05,8.338478563575636e-06,6208.765
8.075783109545008e-05,7.699957073812264e-06,6219.008333333333
7.415037218764054e-05,7.378237799461149e-06,6229.251666666667
7.855534479283993e-05,7.594231822080501e-06,6239.495
6.0935454372016024e-05,6.688535056280177e-06,6249.738333333334
8.883361420499509e-05,8.07578310954465e-06,6259.981666666667
6.827707538069871e-05,7.080002902724939e-06,6270.225
7.268204798589863e-05,7.304820671631602e-06,6280.468333333333
6.534042697722199e-05,6.926071407456877e-06,6290.711666666667
6.313794067462461e-05,6.808339237298644e-06,6300.955
7.194788588503736e-05,7.267834000191935e-06,6311.198333333334
6.754291327982499e-05,7.041835493125573e-06,6321.441666666667
7.12137237841633e-05,7.2306581349138215e-06,6331.685
7.194788588503736e-05,7.267834000191935e-06,6341.928333333333
7.635285849024371e-05,7.487013756929307e-06,6352.171666666667
6.827707538069265e-05,7.080002902724939e-06,6362.415
7.194788588503096e-05,7.267834000191935e-06,6372.658333333334
7.5618696389376e-05,7.450931552906538e-06,6382.901666666667
6.607458907809554e-05,6.964873231548594e-06,6393.145
6.313794067461901e-05,6.808339237298644e-06,6403.388333333333
4.6986374455530426e-05,5.873296806941564e-06,6413.631666666667
6.534042697722779e-05,6.926071407456877e-06,6423.875
5.139134706074097e-05,6.142440827922788e-06,6434.118333333334
7.12137237841633e-05,7.2306581349138215e-06,6444.361666666667
5.946713017028069e-05,6.6074589078092595e-06,6454.6050000000005
5.0657184959873236e-05,6.098408426317666e-06,6464.848333333333
5.3593833363344146e-05,6.2726837394837774e-06,6475.091666666667
6.0935454372016024e-05,6.688535056280177e-06,6485.335
4.845469865726575e-05,5.964361102677379e-06,6495.578333333334
