Frequency,Error,Mass
740.0,27.202941017470888,4507.0912499999995
730.0,27.018512172212592,4514.77375
752.0,27.422618401604176,4522.456249999999
732.0,27.055498516937366,4530.13875
735.0,27.110883423451916,4537.82125
663.0,25.748786379167466,4545.50375
747.0,27.331300737432898,4553.186250000001
665.0,25.787593916455254,4560.86875
699.0,26.43860813280457,4568.55125
730.0,27.018512172212592,4576.233749999999
677.0,26.019223662515376,4583.91625
713.0,26.70205984563738,4591.59875
696.0,26.38181191654584,4599.28125
714.0,26.720778431774775,4606.963750000001
656.0,25.612496949731394,4614.64625
680.0,26.076809620810597,4622.328750000001
667.0,25.826343140289914,4630.01125
677.0,26.019223662515376,4637.69375
646.0,25.41653005427767,4645.376249999999
627.0,25.03996805109783,4653.05875
660.0,25.69046515733026,4660.74125
641.0,25.317977802344327,4668.42375
622.0,24.939927826679853,4676.106250000001
662.0,25.729360660537214,4683.78875
655.0,25.592967784139454,4691.4712500000005
636.0,25.219040425836983,4699.1537499999995
636.0,25.219040425836983,4706.83625
630.0,25.099800796022265,4714.518749999999
664.0,25.768197453450252,4722.20125
644.0,25.37715508089904,4729.88375
601.0,24.515301344262525,4737.56625
583.0,24.145392935299274,4745.248750000001
626.0,25.019992006393608,4752.93125
597.0,24.43358344574123,4760.61375
633.0,25.15949125081825,4768.296249999999
563.0,23.727621035409346,4775.97875
612.0,24.73863375370596,4783.66125
621.0,24.919871588754223,4791.34375
567.0,23.811761799581316,4799.02625
546.0,23.366642891095847,4806.70875
556.0,23.57965224510319,4814.391250000001
545.0,23.345235059857504,4822.07375
565.0,23.769728648009426,4829.75625
533.0,23.08679276123039,4837.438749999999
497.0,22.293496809607955,4845.12125
549.0,23.430749027719962,4852.80375
553.0,23.515952032609693,4860.48625
560.0,23.664319132398465,4868.168750000001
501.0,22.38302928559939,4875.85125
557.0,23.600847442411894,4883.5337500000005
522.0,22.847319317591726,4891.2162499999995
533.0,23.08679276123039,4898.89875
471.0,21.702534414210707,4906.58125
534.0,23.108440016582687,4914.26375
522.0,22.847319317591726,4921.94625
516.0,22.715633383201094,4929.62875
555.0,23.558437978779494,4937.311250000001
487.0,22.06807649071391,4944.99375
504.0,22.44994432064365,4952.67625
471.0,21.702534414210707,4960.358749999999
466.0,21.587033144922902,4968.04125
499.0,22.338307903688676,4975.72375
502.0,22.40535650240808,4983.40625
466.0,21.587033144922902,4991.08875
451.0,21.236760581595302,4998.77125
507.0,22.516660498395403,5006.453750000001
494.0,22.22611077089287,5014.13625
448.0,21.166010488516726,5021.81875
479.0,21.88606862823929,5029.501249999999
437.0,20.904544960366874,5037.18375
426.0,20.639767440550294,5044.86625
421.0,20.518284528683193,5052.54875
431.0,20.760539492026695,5060.231250000001
423.0,20.566963801203133,5067.91375
430.0,20.73644135332772,5075.5962500000005
433.0,20.808652046684813,5083.2787499999995
442.0,21.02379604162864,5090.96125
453.0,21.283796653792763,5098.64375
431.0,20.760539492026695,5106.32625
448.0,21.166010488516726,5114.00875
386.0,19.6468827043885,5121.69125
425.0,20.615528128088304,5129.373750000001
380.0,19.493588689617926,5137.05625
393.0,19.82422760159901,5144.73875
386.0,19.6468827043885,5152.421249999999
376.0,19.390719429665317,5160.10375
404.0,20.09975124224178,5167.78625
371.0,19.261360284258224,5175.46875
420.0,20.493901531919196,5183.15125
401.0,20.024984394500787,5190.83375
279.0,16.703293088490067,5198.516250000001
26.0,5.0990195135927845,5797.75125
161.0,12.68857754044952,5805.43375
143.0,11.958260743101398,5813.11625
149.0,12.206555615733702,5820.79875
161.0,12.68857754044952,5828.48125
145.0,12.041594578792296,5836.16375
151.0,12.288205727444508,5843.8462500000005
165.0,12.84523257866513,5851.5287499999995
154.0,12.409673645990857,5859.21125
134.0,11.575836902790225,5866.89375
146.0,12.083045973594572,5874.57625
136.0,11.661903789690601,5882.25875
134.0,11.575836902790225,5889.94125
116.0,10.770329614269007,5897.623750000001
125.0,11.180339887498949,5905.30625
139.0,11.789826122551595,5912.98875
133.0,11.532562594670797,5920.671249999999
150.0,12.24744871391589,5928.35375
116.0,10.770329614269007,5936.03625
130.0,11.40175425099138,5943.71875
96.0,9.797958971132712,5951.40125
123.0,11.090536506409418,5959.08375
118.0,10.862780491200215,5966.766250000001
100.0,10.0,5974.44875
116.0,10.770329614269007,5982.13125
114.0,10.677078252031311,5989.81375
106.0,10.295630140987,5997.49625
119.0,10.908712114635714,6005.17875
99.0,9.9498743710662,6012.86125
106.0,10.295630140987,6020.54375
107.0,10.344080432788601,6028.22625
106.0,10.295630140987,6035.9087500000005
96.0,9.797958971132712,6043.5912499999995
105.0,10.246950765959598,6051.27375
90.0,9.486832980505138,6058.95625
90.0,9.486832980505138,6066.63875
117.0,10.816653826391969,6074.32125
98.0,9.899494936611665,6082.00375
97.0,9.848857801796104,6089.686250000001
92.0,9.591663046625438,6097.36875
116.0,10.770329614269007,6105.05125
99.0,9.9498743710662,6112.733749999999
93.0,9.643650760992955,6120.41625
81.0,9.0,6128.09875
80.0,8.94427190999916,6135.78125
82.0,9.055385138137417,6143.46375
83.0,9.1104335791443,6151.14625
93.0,9.643650760992955,6158.828750000001
71.0,8.426149773176359,6166.51125
79.0,8.888194417315589,6174.19375
88.0,9.38083151964686,6181.87625
82.0,9.055385138137417,6189.55875
73.0,8.54400374531753,6197.24125
98.0,9.899494936611665,6204.92375
83.0,9.1104335791443,6212.60625
87.0,9.327379053088816,6220.28875
79.0,8.888194417315589,6227.9712500000005
73.0,8.54400374531753,6235.6537499999995
74.0,8.602325267042627,6243.33625
65.0,8.06225774829855,6251.01875
86.0,9.273618495495704,6258.70125
83.0,9.1104335791443,6266.38375
73.0,8.54400374531753,6274.06625
71.0,8.426149773176359,6281.748750000001
69.0,8.306623862918075,6289.43125
65.0,8.06225774829855,6297.11375
72.0,8.48528137423857,6304.796249999999
67.0,8.18535277187245,6312.47875
71.0,8.426149773176359,6320.16125
63.0,7.937253933193772,6327.84375
85.0,9.219544457292887,6335.52625
68.0,8.246211251235321,6343.20875
83.0,9.1104335791443,6350.891250000001
71.0,8.426149773176359,6358.57375
70.0,8.366600265340756,6366.25625
71.0,8.426149773176359,6373.93875
75.0,8.660254037844387,6381.62125
73.0,8.54400374531753,6389.30375
68.0,8.246211251235321,6396.98625
63.0,7.937253933193772,6404.66875
50.0,7.0710678118654755,6412.35125
64.0,8.0,6420.0337500000005
56.0,7.483314773547883,6427.7162499999995
53.0,7.280109889280518,6435.39875
63.0,7.937253933193772,6443.08125
70.0,8.366600265340756,6450.76375
69.0,8.306623862918075,6458.44625
45.0,6.708203932499369,6466.12875
54.0,7.3484692283495345,6473.811250000001
69.0,8.306623862918075,6481.49375
49.0,7.0,6489.17625
50.0,7.0710678118654755,6496.858749999999
